H: 720 W: 1280 Threads: 4 TIME ELAPSED: 0.104430
H: 720 W: 1280 Threads: 2 TIME ELAPSED: 0.093978
H: 1080 W: 1920 Threads: 2 TIME ELAPSED: 0.270617
